3,2
3,1
3,3
10,144
10,278
10,129
10,219
10,214
10,73
11,7
11,27
11,5
9,5
8,10
8,8
8,16
8,7
8,14
8,2
8,3
39,5
39,4
39,3
39,2
39,1
39,0
37,5
37,4
37,3
37,2
37,1
37,0
35,6
35,5
35,4
35,3
35,2
35,1
35,0
33,3
33,2
33,1
33,0
32,5
32,4
32,3
32,2
32,1
32,0
30,3
30,2
30,1
30,0
29,3
29,2
29,1
12,3
12,2
12,1
11,26
11,25
11,24
11,23
11,22
11,21
11,20
11,19
11,18
11,16
11,15
11,13
11,11
11,10
11,9
11,6
11,4
11,3
11,2
11,1
10,308
10,301
10,297
10,281
10,277
20,2
20,1
10,258
20,3
10,244
10,238
19,2
19,1
10,232
10,223
19,3
10,221
10,212
10,190
10,172
